0.5 0.5
1 1
1.5 1.5
2 2
2.5 2.5
3 3
3.5 3.5
4 4
4.5 4.5
5 5
5.5 5.5
6 6
6.5 6.5
7 7
7.5 7.5
8 8
8.5 8.5
9 9
9.5 9.5
10 10
10.5 10.5
11 11
11.5 11.5
12 12
12.5 12.5
13 13
13.5 13.5
14 14
14.5 14.5
15 15
15.5 15.5
16 16
16.5 16.5
17 17
17.5 17.5
18 18
18.5 18.5
19 19
19.5 19.5
20 20
20.5 20.5
21 21
21.5 21.5
22 22
22.5 22.5
23 23
23.5 23.5
24 24
24.5 24.5
25 25
25.5 25.5
26 26
26.5 26.5
27 27
27.5 27.5
28 28
28.5 28.5
29 29
29.5 29.5
30 30
30 30.5
30 31
30 31.5
30 32
30 32.5
30 33
30 33.5
30 34
30 34.5
30 35
30 35.5
30 36
30 36.5
30 37
30 37.5
30 38
30 38.5
30 39
30 39.5
30 40
30 40.5
30 41
30 41.5
30 42
30 42.5
30 43
30 43.5
30 44
30 44.5
30 45
30 45.5
30 46
30 46.5
30 47
30 47.5
30 48
30 48.5
30 49
30 49.5
30 50
30 50.5
30 51
30 51.5
30 52
30 52.5
30 53
30 53.5
30 54
30 54.5
30 55
30 55.5
30 56
30 56.5
30 57
30 57.5
30 58
30 58.5
30 59
30 59.5
30 60
30 60.5
30 61
30 61.5
30 62
30 62.5
30 63
30 63.5
30 64
30 64.5
30 65
30 65.5
30 66
30 66.5
30 67
30 67.5
30 68
30 68.5
30 69
30 69.5
30 70
29.5 70.5
29 71
28.5 71.5
28 72
27.5 72.5
27 73
26.5 73.5
26 74
25.5 74.5
25 75
24.5 75.5
24 76
23.5 76.5
23 77
22.5 77.5
22 78
21.5 78.5
21 79
20.5 79.5
20 80
19.5 80.5
19 81
18.5 81.5
18 82
17.5 82.5
17 83
16.5 83.5
16 84
15.5 84.5
15 85
14.5 85.5
14 86
13.5 86.5
13 87
12.5 87.5
12 88
11.5 88.5
11 89
10.5 89.5
10 90
9.5 90.5
9 91
8.5 91.5
8 92
7.5 92.5
7 93
6.5 93.5
6 94
5.5 94.5
5 95
4.5 95.5
4 96
3.5 96.5
3 97
2.5 97.5
2 98
1.5 98.5
1 99
0.5 99.5
0 100
-0.5 100.5
2099.7500000000
