input
1 0
4 7
6 8
10 15

1 0
3 7
7 12
11 13
13 17
17 18

1 0
2 4
5 7
8 9
13 11

0 0 0 0 0 0 0 0 0 0 0 0 0 0 0 0 0 0 0 0 0 
0 0 0 0 0 0 0 0 0 0 0 0 0 0 0 0 0 0 0 0 0 
0 0 0 0 0 0 0 0 0 0 0 0 0 0 0 0 0 0 0 0 0 
0 0 0 0 0 0 0 0 0 0 0 0 0 0 0 0 0 0 0 0 0 
0 0 0 0 7 7 7 7 7 7 7 7 7 7 7 7 7 7 7 7 7 
0 0 0 0 7 7 7 7 7 7 7 7 7 7 7 7 7 7 7 7 7 
0 0 0 0 0 0 0 0 0 0 0 0 0 0 0 0 0 0 0 0 0 
0 0 0 0 7 7 8 8 8 8 8 8 8 8 8 8 8 8 8 8 8 
0 0 0 0 7 7 8 8 8 8 15 15 15 15 15 15 15 15 15 15 15 
0 0 0 0 0 0 0 0 0 0 0 0 0 0 0 0 0 0 0 0 0 
0 0 0 0 7 7 8 8 8 8 15 15 15 15 15 15 15 15 15 15 15 
0 0 0 0 7 7 8 8 8 8 15 15 15 15 22 22 23 23 23 23 23 
0 0 0 0 0 0 0 0 0 0 0 0 0 0 0 0 0 0 0 0 0 
0 0 0 0 7 7 8 8 8 8 15 15 15 15 15 15 15 15 15 15 15 
0 0 0 0 7 7 8 8 8 8 15 15 15 15 22 22 23 23 23 23 23 
0 0 0 0 0 0 0 0 0 0 0 0 0 0 0 0 0 0 0 0 0 
0 0 0 7 7 7 8 8 8 8 15 15 15 15 15 15 15 15 15 15 15 
0 0 0 7 7 7 8 14 14 15 15 15 15 22 22 22 23 23 23 23 23 
0 0 0 0 0 0 0 0 0 0 0 0 0 0 0 0 0 0 0 0 0 
0 0 0 7 7 7 8 12 12 12 15 15 15 15 15 15 15 15 15 15 15 
0 0 0 7 7 7 8 14 14 15 19 19 19 22 22 22 23 27 27 27 27 
0 0 0 0 0 0 0 0 0 0 0 0 0 0 0 0 0 0 0 0 0 
0 0 0 7 7 7 8 12 12 12 15 15 15 15 15 15 15 15 15 15 15 
0 0 0 7 7 7 8 14 14 15 19 19 19 22 22 22 23 27 27 27 27 
0 0 0 0 0 0 0 0 0 0 0 0 0 0 0 0 0 0 0 0 0 
0 0 0 7 7 7 8 12 12 12 15 15 15 17 17 17 17 17 17 17 17 
0 0 0 7 7 7 8 14 14 15 19 19 19 22 22 22 24 27 27 27 29 
0 0 0 0 0 0 0 0 0 0 0 0 0 0 0 0 0 0 0 0 0 
0 0 0 7 7 7 8 12 12 12 15 15 15 17 17 17 17 18 18 18 18 
0 0 0 7 7 7 8 14 14 15 19 19 19 22 22 22 24 27 27 27 29 
0 0 0 0 0 0 0 0 0 0 0 0 0 0 0 0 0 0 0 0 0 
0 0 0 7 7 7 8 12 12 12 15 15 15 17 17 17 17 18 18 18 18 
0 0 0 7 7 7 8 14 14 15 19 19 19 22 22 22 24 27 27 27 29 
0 0 0 0 0 0 0 0 0 0 0 0 0 0 0 0 0 0 0 0 0 
0 0 4 7 7 7 8 12 12 12 15 15 15 17 17 17 17 18 18 18 18 
0 0 4 7 7 11 11 14 14 16 19 19 19 22 22 22 24 27 27 27 29 
0 0 0 0 0 0 0 0 0 0 0 0 0 0 0 0 0 0 0 0 0 
0 0 4 7 7 7 8 12 12 12 15 15 15 17 17 17 17 18 18 18 18 
0 0 4 7 7 11 11 14 14 16 19 19 19 22 22 22 24 27 27 27 29 
0 0 0 0 0 0 0 0 0 0 0 0 0 0 0 0 0 0 0 0 0 
0 0 4 7 7 7 8 12 12 12 15 15 15 17 17 17 17 18 18 18 18 
0 0 4 7 7 11 11 14 14 16 19 19 19 22 22 22 24 27 27 27 29 
0 0 0 0 0 0 0 0 0 0 0 0 0 0 0 0 0 0 0 0 0 
0 0 4 7 7 7 8 12 12 12 15 15 15 17 17 17 17 18 18 18 18 
0 0 4 7 7 11 11 14 14 16 19 19 19 22 22 22 24 27 27 27 29 
0 0 0 0 0 0 0 0 0 0 0 0 0 0 0 0 0 0 0 0 0 
0 0 4 7 7 7 8 12 12 12 15 15 15 17 17 17 17 18 18 18 18 
0 0 4 7 7 11 11 14 14 16 19 19 19 22 22 22 24 27 27 27 29 
29
