12 38
12 71
13 13
13 18
13 57
13 62
14 14
14 15
14 16
14 25
14 26
14 27
14 69
14 82
15 14
15 15
15 18
15 24
15 25
15 26
15 27
15 33
15 36
15 84
15 90
15 93
15 99
16 14
16 16
16 25
16 28
16 33
16 36
16 45
16 94
17 17
17 21
17 26
17 35
17 36
17 45
17 50
17 54
17 83
18 13
18 15
18 18
18 27
18 33
18 36
18 39
18 42
18 45
18 48
18 54
18 63
19 19
19 28
19 33
19 37
19 54
19 58
19 63
19 72
21 17
21 50
21 83
24 15
24 27
24 60
24 81
24 93
25 14
25 15
25 16
25 25
25 26
25 27
25 33
25 35
25 36
25 85
26 14
26 15
26 17
26 25
26 26
26 29
26 31
26 33
26 36
26 45
26 75
26 95
27 14
27 15
27 18
27 24
27 25
27 27
27 36
27 45
27 54
27 91
28 16
28 19
28 28
28 33
28 37
28 41
28 45
28 49
28 54
28 63
28 96
29 26
29 29
29 33
29 38
29 54
29 59
29 63
31 26
31 31
31 70
31 75
33 15
33 16
33 18
33 19
33 25
33 26
33 28
33 29
33 48
33 49
33 51
33 52
33 58
33 59
33 61
33 62
33 81
33 82
33 84
33 85
33 91
33 92
33 94
33 95
35 17
35 25
35 36
36 15
36 16
36 17
36 18
36 25
36 26
36 27
36 35
36 36
36 45
36 81
36 82
36 91
36 92
37 19
37 28
37 45
37 54
38 12
38 29
38 38
38 45
38 54
38 69
38 71
38 100
39 18
39 39
39 42
39 51
39 54
41 28
41 41
41 83
41 96
42 18
42 39
42 51
42 84
45 16
45 17
45 18
45 26
45 27
45 28
45 36
45 37
45 38
45 71
45 72
45 73
45 81
45 82
45 83
45 91
45 92
45 93
48 18
48 33
48 51
48 60
48 99
49 28
49 33
49 61
50 17
50 21
51 33
51 39
51 42
51 48
51 51
51 99
52 33
52 52
52 58
52 60
52 61
53 60
53 71
54 17
54 18
54 19
54 27
54 28
54 29
54 37
54 38
54 39
54 61
54 62
54 63
54 71
54 72
54 73
54 81
54 82
54 83
57 13
57 62
58 19
58 33
58 52
59 29
59 33
59 62
60 24
60 48
60 52
60 53
61 33
61 49
61 52
61 54
61 61
62 13
62 33
62 54
62 57
62 59
62 62
62 71
63 18
63 19
63 28
63 29
63 54
63 63
63 71
63 72
63 81
69 14
69 38
69 82
70 31
71 12
71 38
71 45
71 53
71 54
71 62
71 63
71 71
71 100
72 19
72 45
72 54
72 63
72 72
72 81
73 45
73 54
73 82
73 91
75 26
75 31
81 24
81 33
81 36
81 45
81 54
81 63
81 72
81 81
82 14
82 33
82 36
82 45
82 54
82 69
82 73
82 82
82 91
83 17
83 21
83 41
83 45
83 54
83 83
83 92
84 15
84 33
84 42
84 99
85 25
85 33
85 91
90 15
91 27
91 33
91 36
91 45
91 73
91 82
91 85
91 91
92 33
92 36
92 45
92 83
92 92
93 15
93 24
93 45
93 93
94 16
94 33
95 26
95 33
96 28
96 41
99 15
99 48
99 51
99 84
100 38
100 71
101 13
101 57
101 62
102 15
104 12
104 25
104 38
105 18
105 42
105 51
106 13
106 57
107 83
107 96
108 39
108 51
108 84
109 17
109 83
110 16
110 25
110 49
110 52
110 58
110 61
110 85
110 94
112 25
113 16
113 25
113 35
114 18
114 31
114 33
114 51
114 99
115 16
115 28
115 33
115 45
116 17
116 21
116 26
116 45
116 54
117 18
117 27
117 33
117 36
117 39
117 42
117 45
117 48
117 51
117 54
117 63
118 19
118 28
118 33
118 37
118 54
118 58
118 63
118 72
119 26
119 31
119 75
121 26
121 59
121 62
121 95
122 16
123 81
124 14
124 17
124 19
124 26
124 33
124 35
124 38
124 69
124 82
125 17
125 29
125 33
125 45
126 18
126 24
126 27
126 36
126 45
126 48
126 54
126 61
126 71
127 19
127 28
127 33
127 37
127 45
127 49
127 54
127 63
128 29
128 33
128 38
128 54
128 59
128 63
129 52
129 61
131 61
132 81
133 17
133 26
133 71
134 17
134 36
135 18
135 27
135 36
135 45
135 52
135 81
136 19
136 28
136 45
136 54
137 12
137 14
137 29
137 38
137 45
137 52
137 54
137 69
137 91
138 39
138 41
138 52
138 54
138 61
138 83
141 71
142 17
142 62
142 71
142 83
143 82
143 91
144 18
144 27
144 36
144 72
144 81
145 13
145 62
146 82
146 91
147 24
147 33
147 62
147 84
147 93
147 99
148 33
148 53
149 21
150 13
150 15
150 33
150 42
150 62
150 71
150 99
151 28
151 33
151 41
151 71
151 96
153 18
153 27
153 63
153 72
153 81
154 92
155 28
155 37
155 73
155 82
155 91
156 15
156 93
157 33
157 92
158 31
158 33
